Image,	Ref,	GT_Dist (m),		 YOLO_Dist (m),		IoU,Confidence, Precision, Recall
1,	1,	17.309777537116815,	19.470403846614545,	0.8413714660707653
1,	2,	31.335887346157413,	35.917980385368956,	0.794871391520522
1,	3,	34.92210622856619,	43.85682637827141,	0.4716632362917044
1,	4,	29.640773466045783,	28.247932138098815,	0.5605882325502833
1,	5,	N/A,	117.34059687665433,	0.4
1,	6,	N/A,	59.09547644150364,	0.4
1,	7,	N/A,	45.5342084990756,	0.4
Precision: 0.57, Recall: 0.80
2,	1,	19.90058279292772,	18.274910338857282,	0.9030168714598709
2,	2,	47.53186901200787,	34.86608603480572,	0.7226845030342864
2,	3,	N/A,	37.03531954887218,	0.4
2,	4,	N/A,	78.60408983203851,	0.4
Precision: 0.50, Recall: 1.00
3,	1,	4.980937612962618,	6.350171929049491,	0.9297797450042617
3,	2,	17.06260150309847,	19.51346639689122,	0.935963191176338
3,	3,	16.916605652134752,	17.76034784508049,	0.8774875497608241
3,	4,	23.184602948479302,	30.582281388387933,	0.8728484473216438
3,	5,	N/A,	52.05831815332522,	0.4
3,	6,	N/A,	63.14381258894858,	0.4
3,	7,	39.05356733179563,	70.66796384648389,	0.6164188664633744
Precision: 0.71, Recall: 0.83
4,	1,	5.947630922123896,	6.008384025007207,	0.9262648597736192
4,	2,	15.745140389906208,	16.50177836621434,	0.5966591288146819
4,	3,	31.4833578055902,	31.2100183364694,	0.9325363457180627
4,	4,	21.613467395484626,	22.40125926793638,	0.8023379216399387
4,	5,	N/A,	42.2986357840501,	0.4
4,	6,	58.52591696882859,	65.60881151952213,	0.7313015906111151
4,	7,	32.10445655425988,	31.2100183364694,	0.6620746816455331
4,	8,	N/A,	42.2986357840501,	0.4
4,	9,	N/A,	130.17031992418973,	0.4
4,	10,	N/A,	42.2986357840501,	0.4
4,	11,	N/A,	35.917980385368956,	0.4
Precision: 0.55, Recall: 0.75
5,	1,	30.899236625602004,	29.65519238253932,	0.7822124727076221
5,	2,	50.60004343606256,	37.03531954887218,	0.7536341078570272
5,	3,	31.961643452468373,	32.93690494684372,	0.7946757732419716
5,	4,	51.56030544020106,	47.34500208741918,	0.6964539007092201
5,	5,	67.6826958632037,	53.75857705875871,	0.6646352286435885
5,	6,	69.86543597229442,	73.7357565699942,	0.668964633311609
5,	7,	N/A,	78.60408983203851,	0.4
Precision: 0.86, Recall: 1.00
6,	1,	24.563423479776358,	24.727647865683608,	0.8681287401532081
6,	2,	33.90303844859599,	31.2100183364694,	0.8734305514853767
6,	3,	23.64053303403872,	17.21773211473685,	0.7143753096611738
6,	4,	N/A,	19.15710282852092,	0.4
6,	5,	47.77152069280611,	51.4359906018606,	0.8386282734644942
6,	6,	44.21144783264184,	45.5342084990756,	0.5191982976315525
6,	7,	44.21144783264184,	45.5342084990756,	0.6827857787664043
Precision: 0.86, Recall: 1.20
7,	1,	2.624620800942078,	5.948344012793395,	0.9026226442579188
7,	2,	10.07537177351009,	9.1477054483584,	0.9007211241433781
7,	3,	25.11281169573172,	26.37082666371039,	0.7451953815164406
7,	4,	16.901940319187133,	17.21773211473685,	0.8417934880178888
7,	5,	20.207454987373957,	21.204312335307463,	0.7713520704364585
7,	6,	N/A,	56.30083502667006,	0.4
7,	7,	7.936478597184142,	6.72065563885941,	0.7638459777215393
7,	8,	N/A,	59.09547644150364,	0.4
7,	9,	N/A,	65.60881151952213,	0.4
7,	10,	N/A,	90.56272564350179,	0.4
7,	11,	N/A,	24.224501122691272,	0.4
7,	12,	N/A,	98.01890502512549,	0.4
7,	13,	N/A,	84.16072149735946,	0.4
Precision: 0.46, Recall: 1.00
8,	1,	17.842807716139667,	19.15710282852092,	0.8552307313162799
8,	2,	34.35041407849278,	42.2986357840501,	0.8180953220864945
8,	3,	34.72274973617653,	45.5342084990756,	0.7551702843485552
8,	4,	12.526735279435377,	13.206767789339123,	0.8753293373517136
8,	5,	N/A,	117.34059687665433,	0.4
8,	6,	N/A,	130.17031992418973,	0.4
8,	7,	N/A,	62.18204744842015,	0.4
Precision: 0.57, Recall: 1.00
Precision: 0.00, Recall: 0.00
Precision: 0.00, Recall: 0.00
11,	1,	44.09707604638145,	47.34500208741918,	0.7299137806262959
Precision: 1.00, Recall: 1.00
12,	1,	5.7681367859568065,	5.978213275191183,	0.8749777107172991
12,	2,	4.607120757314618,	6.008384025007207,	0.9347410031577293
12,	3,	9.421857748987916,	9.218537729072064,	0.7611168523695947
12,	4,	23.394433674963995,	23.277232402837313,	0.9527018039474022
12,	5,	21.27789488383062,	20.83325725210407,	0.898008657591448
12,	6,	32.0961124320311,	31.2100183364694,	0.8628529266350973
12,	7,	43.06970914297441,	40.84736832185758,	0.4358734079212598
12,	8,	27.159637048104827,	20.83325725210407,	0.890253841281773
12,	9,	33.02191957630448,	33.87405024382111,	0.49577019118307286
12,	10,	N/A,	53.75857705875871,	0.4
12,	11,	25.351812934225165,	24.224501122691272,	0.5397230501992968
12,	12,	N/A,	98.01890502512549,	0.4
Precision: 0.83, Recall: 0.77
13,	1,	12.667071472671381,	12.645649171987074,	0.9188741359672427
13,	2,	19.700254512545794,	16.056662534326406,	0.7364905763729221
Precision: 1.00, Recall: 1.00
14,	1,	8.909140123433886,	9.827293314981036,	0.8386116063665113
14,	2,	26.089566681319514,	27.593226378687913,	0.8669688350289099
14,	3,	17.29487490885879,	18.853724878791855,	0.7098218298721923
14,	4,	33.794646418484106,	39.49238346102137,	0.7589549850807226
14,	5,	N/A,	38.22440720679761,	0.4
14,	6,	N/A,	53.75857705875871,	0.4
14,	7,	34.380335583580134,	38.22440720679761,	0.5259134550074362
Precision: 0.71, Recall: 0.83
15,	1,	10.766124915859548,	10.808720060377961,	0.8886052227486689
15,	2,	1.8023897500505939,	5.978213275191183,	0.7189479251242211
15,	3,	31.321553060049215,	22.40125926793638,	0.9295420747031998
15,	4,	N/A,	12.781410768859786,	0.4
15,	5,	26.522832392674545,	24.224501122691272,	0.9361246880318214
15,	6,	19.812669741509925,	19.15710282852092,	0.6896834872084807
15,	7,	21.22637351821293,	19.794122882147114,	0.736898259274894
15,	8,	18.231181152788075,	18.274910338857282,	0.6770902265824534
15,	9,	30.793632328894812,	22.40125926793638,	0.6603412631301422
15,	10,	19.812669741509925,	16.50177836621434,	0.40377821310297474
15,	11,	N/A,	30.412746036596772,	0.4
15,	12,	N/A,	32.93690494684372,	0.4
15,	13,	N/A,	32.05021705553731,	0.4
Precision: 0.69, Recall: 0.75
16,	1,	15.992739645762821,	20.12878835723308,	0.8476116128341455
16,	2,	18.922749180581143,	12.255134389686107,	0.4925526401273502
16,	3,	18.575306823432328,	26.37082666371039,	0.5876494731706648
16,	4,	25.790991746294836,	14.85460653775154,	0.8037535613118703
16,	5,	27.47607145508944,	31.2100183364694,	0.7400920530388775
16,	6,	38.60725649139698,	56.30083502667006,	0.8066781262444582
16,	7,	67.33318599351219,	287.1534875161934,	0.7051898774369706
16,	8,	N/A,	40.84736832185758,	0.4
16,	9,	N/A,	100.43334277299499,	0.4
Precision: 0.78, Recall: 1.00
17,	1,	11.89559725685381,	10.903341848442649,	0.9284282427014817
17,	2,	10.14070461121762,	11.107554296695042,	0.8980720294251644
17,	3,	17.88616736314464,	19.19763428676426,	0.6597787418803253
17,	4,	31.2233444835613,	39.823408970749135,	0.9262308971756557
17,	5,	22.095111628392516,	26.485004415696995,	0.8963541529235524
17,	6,	21.545874224633415,	23.82502893341147,	0.4951225324250414
17,	7,	36.334788844344224,	47.85740753966104,	0.7491854046481302
17,	8,	N/A,	100.65190574598346,	0.4
17,	9,	N/A,	70.66796384648389,	0.4
Precision: 0.78, Recall: 0.88
18,	1,	N/A,	6.008384025007207,	0.4
18,	2,	16.29552695178222,	16.056662534326406,	0.908890174281665
18,	3,	53.734613048886324,	49.30578274453498,	0.7880243476346241
18,	4,	N/A,	38.22440720679761,	0.4
18,	5,	N/A,	21.987539678603312,	0.4
18,	6,	N/A,	59.09547644150364,	0.4
18,	7,	N/A,	30.412746036596772,	0.4
18,	8,	N/A,	53.75857705875871,	0.4
18,	9,	N/A,	56.30083502667006,	0.4
18,	10,	N/A,	22.40125926793638,	0.4
Precision: 0.20, Recall: 1.00
19,	1,	8.901347913664482,	8.202342948405262,	0.670161261293411
19,	2,	9.392174559724607,	9.58981582176668,	0.9429494868017168
19,	3,	N/A,	13.206767789339123,	0.4
19,	4,	4.105116110713791,	6.038860850020431,	0.7751890475451376
Precision: 0.75, Recall: 1.00
20,	1,	6.930877378745936,	7.252916707568469,	0.8726567452243545
20,	2,	18.216353420769696,	18.559805912263737,	0.926379591297455
20,	3,	N/A,	49.30578274453498,	0.4
Precision: 0.67, Recall: 1.00
